#Mon Jul 15 15:23:47 CEST 2019
redirect_uri=http\://www.bamero.de
client_secret=a98e5966e6e1efc32af737719dab55baebcae37d68
code=1000.9069137a48b143e69c1d33aa082417e9.fe2be64f7f74c8b7297cb4927fb2197a
client_id=1000.F8O8XB77FENC01880C67POJWGAXTPH
access_token=1000.860e365cf5840a9c54d426339ca40ad1.84deed8a595318698245b39ef4e79469
access_token_valid_time=3600
access_token_gather_date=15/07/2019 15\:23\:47
scope=ZohoBooks.fullaccess.all
refresh_token=1000.036989cedce4ada290c41da94ab6dc9e.c574b64ef8fe96f46349c44b0564749e
